01001
01002
01003
01004
01005
01006
01007
01008
01009
01010
01011
01012
01013
01014
01015
01016
01017
01018
01019
01020
01021
01022
01023
01024
01025
01026
01027
01028
01029
01030
01031
01032
01033
01034
01035
01036
01037
01038
01039
01040
01041
01042
01043
01044
01045
01046
01047
01048
01049
01050
01052
01053
01054
01055
01056
01057
01058
01059
01060
01061
01067
01068
01069
01070
01071
01072
01073
01074
01076
01077
01078
01079
01080
01081
01082
01083
01084
01085
01086
01087
01088
01089
01090
01091
01092
01093
01094
01095
01096
01097
01102
01103
01104
01105
01106
01107
01108
01109
01110
01111
01112
01113
01114
01115
01116
01117
01118
01119
01120
01121
01122
01123
01124
01125
01126
01127
01128
01129
01130
01131
01132
01133
01134
01135
01136
01137
01138
01139
01140
01141
01144
01145
01146
01151
01152
01153
01154
01155
01156
01157
01159
01160
01161
01164
01165
01166
01167
01168
01169
01171
01172
01173
01174
01175
01178
01179
01180
01182
01184
01185
01186
01187
01188
01189
01190
01191
01192
01193
01194
01199
01200
01202
01203
01204
01205
01206
01208
01209
01210
01211
01212
01214
01215
01216
01217
01218
01219
01220
01221
01222
01223
01224
01225
01226
01227
01228
01229
01230
01231
01235
01236
01237
01238
01239
01240
01241
01242
01243
01244
01250
01251
01252
01253
01254
01255
01256
01258
01259
01260
01263
01264
01265
01266
01267
01270
01271
01275
01276
01278
01280
01281
02001
02002
02003
02004
02005
02006
02007
02008
02009
02010
02011
02012
02013
02014
02015
02016
02017
02018
02019
02020
02021
02022
02023
02024
02025
02026
02027
02028
02029
02030
02031
02032
02033
02034
02035
02036
02037
02038
02039
02041
02042
02043
02044
02045
02046
02047
02048
02049
02050
02051
02052
02053
02054
02055
02063
02064
02065
02066
02068
02069
02074
02075
02076
03001
03002
03003
03005
03007
03008
03009
03010
03011
03012
03013
03014
03015
03016
03017
03019
03021
03041
03042
03043
03044
03045
03046
03047
03048
03049
03050
03051
03052
03053
03054
03055
03059
03061
03062
03066
03067
03068
03069
03070
03072
03073
03075
03076
03077
03079
03081
03082
03083
03084
03085
03089
03090
03091
03092
03093
03096
03098
03099
03100
03104
03105
03108
03109
03112
03114
03115
03116
03117
03118
03119
03120
03121
03122
03127
03128
03129
03130
03131
03132
03133
03134
03135
03136
03137
03139
03140
03141
03142
03143
03144
03145
03147
03150
03151
03152
03153
03154
03156
03157
03158
03159
03160
03161
03162
03163
03164
03165
03166
03167
03168
03169
03170
03171
03172
03173
03174
03175
03176
03177
03178
03179
03181
03184
03185
03186
03187
03188
03189
03190
03191
03192
03193
03194
03195
03197
03198
03199
03201
03205
03206
03209
03210
03211
03212
03213
03214
03215
03216
03217
03220
03221
03222
03224
03225
03226
03227
03228
03229
03230
03233
03235
03236
03238
03245
03246
03265
03267
03268
03269
03274
03278
03279
03280
03282
03283
03286
03287
03289
03290
03293
03296
03297
03298
03301
03302
03303
03304
03681
03682
03685
03686
03689
03690
03693
03694
03696
03704
03711
03712
03800
03801
03802
03803
03805
03806
03808
03809
03812
03813
03814
03815
03817
03818
03819
03820
03821
03822
03823
03824
03825
03826
03827
03830
03832
03837
03838
03839
03840
03841
03842
03843
03844
03845
03846
03849
03850
03851
03852
03853
03854
03855
03856
03857
03858
03859
03860
03861
03864
03867
03868
03869
03870
03900
03901
03913
03925
03926
03928
03929
03930
03934
03935
03936
03937
03938
03939
03940
03941
03942
03943
03944
03945
03946
03947
03948
03949
03950
03951
03952
03953
03954
03955
03956
03957
03959
03960
03961
03963
03964
03965
03966
03967
03968
03980
03981
03982
03983
03984
03985
03986
03987
03988
03989
03990
03991
03992
03993
03994
03995
03996
03997
03998
03999
04001
04002
04013
04015
04016
04017
04018
04020
04021
04022
04023
04025
04026
04027
04028
04029
04030
04031
04034
04037
04038
04042
04044
04047
04053
04055
04058
04060
04073
04114
04120
04128
04133
04135
04141
04142
04143
04144
04145
04146
04367
04501
04502
04506
04510
04511
04513
04514
04515
04516
04517
04518
04520
04528
04529
04530
04531
04532
04534
04536
04539
04541
04542
04543
04544
04545
04546
04548
04549
04550
04551
04554
04556
04559
04560
04570
04572
04573
04574
04575
04576
04581
04582
04583
04584
04585
04586
04587
04588
04589
04590
04591
04592
04593
04594
04595
04600
04601
04602
04606
04609
04610
04611
04612
04613
04614
04615
04617
04618
04620
04624
04626
04627
04628
04629
04630
04631
04633
04634
04635
04636
04638
04639
04640
04641
04642
04643
04644
04645
04646
04648
04649
04650
04651
04652
04653
04654
04655
04656
04657
04658
04659
04660
04661
04662
04663
04664
04665
04666
04667
04668
04669
04670
04674
04675
04683
04684
04686
04688
04690
04691
04692
04693
04694
04695
04696
04697
04698
04699
04700
04701
04702
04703
04704
04705
04706
04707
04708
05000
05001
05002
05003
05004
05005
05006
05007
05008
05009
05010
05011
05012
05013
05014
05015
05016
05017
05018
05019
05020
05021
05022
05023
05024
05025
05026
05027
05028
05029
05030
05031
05032
05033
05034
05035
05036
05037
05038
05039
05040
05041
05042
05043
05044
05045
05046
05047
05048
05049
05050
05051
05052
05053
05054
05055
05056
05057
05058
05059
05060
05061
05062
05063
05064
05065
05066
05067
05068
05069
05070
05071
05072
05073
05074
05075
05076
05077
05078
05079
05080
05081
05082
05083
05084
05085
05086
05087
05088
05089
05090
05091
05092
05093
05094
05095
05096
05097
05098
05099
05100
05101
05102
05103
05104
05105
05106
05107
05108
05109
05110
05111
05112
05113
05114
05115
05116
05117
05118
05119
05120
05121
05122
05123
05124
05125
05126
05127
05128
05129
05130
05131
05132
05133
05134
05135
05136
05137
05138
05139
05140
05141
05142
05143
05144
05145
05146
05147
05148
05149
05150
05151
05152
05153
05154
05155
05156
05157
05158
05159
05160
05161
05162
05165
05166
05167
05168
05169
05170
05171
05172
05173
05174
05175
05176
05177
05178
05179
05180
05181
05182
05183
05184
05185
05186
05187
05188
05190
05191
05192
05193
05194
05195
05196
05200
05215
05216
05219
05220
05227
05228
05236
05277
05282
05284
05285
05286
05292
05293
05294
05295
05296
05300
05301
05302
05303
05304
05305
05306
05307
05308
05309
05310
05311
05312
05313
05314
05315
05316
05317
05318
05319
05320
05323
05324
05326
05332
05333
05334
05335
05336
05337
05338
05339
05341
05342
05343
05344
05345
05346
05347
05348
05349
05351
05352
05353
05354
05356
05357
05358
05359
05361
05362
05363
05600
05621
05622
05623
05624
05625
05626
05627
05628
05629
05630
05631
05632
05641
05642
05643
05644
05645
05646
05647
05648
05649
05650
05651
05652
05653
05654
05655
05656
05657
05658
05661
05662
05663
05664
05665
05666
05667
05668
05669
05670
05671
05672
05673
05674
05675
05676
05677
05678
05679
05680
05681
05682
05683
05684
05685
05686
05687
05688
05689
05690
05691
05692
05693
05694
05695
05696
05697
05698
05699
05700
05701
05702
05703
05704
05705
05706
05707
05708
05709
05710
05711
05712
05713
05714
05715
05716
05717
05718
05719
05720
05721
05722
05723
05724
05725
05726
05727
05728
05729
05730
05732
05733
05734
05735
05736
05737
05738
05739
05740
05741
05742
05743
05744
05745
05746
05747
05748
05749
06001
06002
06004
06006
06007
06008
06009
06010
06011
06012
06013
06015
06016
06017
06018
06019
06022
06023
06024
06025
06026
06027
06028
06030
06032
06034
06035
06037
06039
06040
06042
06043
06044
06045
06046
06048
06049
06050
06051
06052
06053
06055
06056
06061
06063
06064
06067
06068
06070
06071
06072
06075
06076
06080
06081
06094
06101
06112
06114
06115
06116
06118
06119
06120
06121
06122
06123
06124
06125
06126
06127
06128
06142
06143
06147
06149
06150
06151
06152
06158
06159
06164
06165
06166
06167
06168
06169
06170
06172
06174
06175
06176
06177
06178
06179
06180
06182
06183
06189
06190
06192
06193
06194
06201
06208
06210
06211
06216
06217
06230
06243
06246
06248
06249
06253
06256
06264
06285
06358
06359
06401
06402
06404
06406
06409
06410
06411
06412
06413
06416
06417
06419
06423
06426
06428
06430
06432
06440
06442
06443
06444
06446
06448
06449
06451
06453
06456
06461
06463
06465
06466
06468
06471
06472
06475
06476
06480
06481
06483
06489
06494
06498
06528
06547
06549
06558
06559
06583
06584
06618
06720
06725
06726
06728
06729
06730
06731
06733
06734
06736
06738
06739
06740
06742
06749
06930
06931
06955
06956
06957
06958
06959
06960
06961
06962
06963
06964
06965
06966
06967
06968
06969
06970
06971
06972
06974
06976
06977
06978
06980
06981
06982
06983
07001
07002
07003
07004
07005
07006
07007
07008
07010
07011
07013
07014
07015
07016
07017
07018
07019
07020
07021
07022
07023
07024
07025
07026
07027
07028
07029
07030
07031
07032
07033
07034
07036
07037
07038
07039
07040
07041
07042
07043
07044
07045
07046
07050
07051
07052
07053
07054
07055
07056
07057
07058
07059
07060
07061
07062
07063
07064
07065
07066
07067
07068
07069
07070
07071
07072
07073
07074
07075
07076
07077
07078
07079
07080
07081
07082
07083
07088
07089
07090
07091
07200
07202
07203
07205
07206
07208
07210
07211
07213
07214
07215
07216
07217
07218
07221
07222
07223
07224
07225
07226
07227
07228
07229
07231
07232
07233
07234
07235
07237
07238
07239
07240
07242
07243
07244
07245
07246
07247
07248
07249
07250
07251
07252
07253
07254
07255
07256
07257
07258
07259
07260
07261
07262
07264
07265
07266
07267
07268
07269
07270
07271
07272
07273
07274
07275
07276
07277
07279
07900
07901
07905
07906
07907
07908
07909
07910
07911
07912
07913
07914
07915
07916
07917
07918
07919
07920
07921
07922
07923
07924
07925
07926
07927
07928
07929
07930
07931
07932
07933
07934
07935
07936
07937
07938
07939
07940
07941
07942
07943
07944
07945
07949
07950
07951
07952
07953
07954
07955
07956
07957
07958
07959
07960
07961
07962
07963
07964
07965
07966
07967
07968
07969
07970
07971
07972
07973
08037
08084
08090
08091
08104
08105
08113
08120
08121
08122
08123
08128
08129
08132
08133
08144
08145
08156
08157
08159
08160
08161
08164
08165
08172
08173
08180
08183
08204
08476
08478
08501
08508
08509
08510
08546
08575
08577
08580
08680
09001
09002
09003
09004
09005
09006
09007
09008
09009
09010
09011
09012
09013
09014
09015
09016
09017
09018
09019
09020
09021
09022
09023
09024
09025
09026
09027
09028
09029
09030
09031
09032
09033
09034
09035
09036
09037
09038
09039
09040
09041
09042
09043
09044
09046
09048
09050
09052
09053
09054
09055
09056
09057
09059
09060
09061
09062
09063
09064
09065
09066
09067
09068
09070
09071
09072
09073
09074
09075
09076
09077
09078
09079
09081
09082
09083
09084
09085
09086
09087
09088
09089
09090
09091
09092
09093
09094
09095
09096
09097
09098
09099
09100
09101
09102
09103
09104
09105
09106
09107
09109
09111
09112
09113
09114
09116
09117
09118
09119
09120
09121
09123
09124
09125
09126
09128
09129
09130
09131
09132
09133
09134
09135
09138
09139
09140
09143
09144
09145
09146
09147
09148
09149
09150
09152
09153
09154
09156
09159
09160
09161
09163
09164
09165
09167
09172
09173
09174
09175
09176
09177
09181
09183
09184
09185
09190
09191
09192
09193
09194
09195
09200
09201
09202
09203
09205
09206
09207
09209
09210
09211
09213
09214
09215
09216
09217
09218
09219
09220
09221
09223
09226
09228
09229
09231
09232
09233
09236
09237
09238
09239
09240
09241
09242
09243
09244
09245
09246
09247
09248
09250
09251
09252
09253
09254
09255
09256
09257
09258
09259
09260
09261
09262
09263
09264
09265
09266
09267
09268
09269
09270
09271
09272
09273
09274
09275
09276
09277
09278
09279
09281
09282
09283
09284
09285
09286
09287
09288
09289
09290
09291
09292
09293
09294
09295
09296
09297
09298
09299
09301
09302
09304
09306
09307
09309
09310
09311
09312
09313
09314
09315
09316
09317
09318
09319
09320
09321
09322
09325
09326
09328
09334
09340
09351
09352
09353
09354
09357
09362
09367
09370
09374
09379
09383
09400
09401
09402
09403
09404
09407
09408
09409
09410
09411
09412
09413
09414
09415
09420
09421
09422
09423
09426
09427
09428
09429
09430
09431
09432
09433
09434
09435
09436
09437
09438
09439
09440
09442
09443
09444
09445
09446
09447
09448
09449
09450
09451
09452
09500
09501
09502
09503
09504
09506
09512
09517
09518
10000
10001
10002
10003
10004
10005
10006
10007
10008
10009
10010
10011
10012
10013
10014
10015
10016
10017
10018
10019
10020
10021
10022
10023
10024
10025
10026
10027
10028
10029
10030
10031
10032
10033
10034
10035
10036
10037
10038
10039
10040
10041
10042
10043
10044
10045
10046
10047
10048
10049
10050
10051
10052
10053
10054
10055
10056
10057
10058
10059
10060
10061
10062
10063
10064
10065
10066
10067
10068
10069
10070
10071
10072
10073
10074
10075
10076
10077
10078
10079
10080
10081
10082
10083
10084
10085
10086
10087
10088
10089
10093
10094
10096
10097
10098
10099
10100
10101
10102
10103
10104
10105
10106
10107
10109
10110
10111
10112
10113
10114
10115
10116
10117
10118
10119
10120
10121
10122
10123
10128
10129
10130
10131
10132
10134
10136
10137
10138
10140
10141
10142
10146
10149
10150
10152
10153
10158
10163
10164
10165
10166
10167
10168
10169
10170
10171
10173
10174
10175
10176
10177
10178
10179
10180
10181
10182
10183
10184
10185
10186
10187
10188
10189
10192
10193
10194
10195
10196
10197
10198
10199
10200
10201
10202
10203
10204
10205
10206
10207
10208
10209
10210
10211
10212
10213
10214
10215
10216
10217
10218
10219
10220
10221
10222
10223
10224
10225
10226
10227
10228
10229
10802
10803
10804
10805
10851
10852
10853
10854
10855
10856
10857
10858
10859
10860
10861
10862
10863
10864
10865
10866
10867
10868
10869
10870
10871
10872
10873
10874
10875
10876
10877
10878
10879
10880
10881
10882
10883
10884
10885
10886
10887
10888
10889
10890
10891
10892
10893
10894
10895
10898
10899
10900
10901
10902
10903
10904
10905
10906
10907
10908
10909
10910
10911
10912
10913
10914
10915
10916
10917
10918
10919
10920
10921
10922
10923
10924
10925
10926
10927
10928
10929
10931
10932
10933
10934
10935
10936
10937
10938
10939
10940
10942
10943
10944
10945
10946
10947
10948
10949
10950
10951
10952
10953
10954
10955
10956
10957
10958
10959
10960
10961
10962
10963
10972
10973
10974
10975
10976
10977
10978
10979
10980
10981
10982
10983
10984
10985
10986
10987
10988
10989
10990
10991
10992
10993
10994
10998
11001
11003
11004
11005
11006
11007
11008
11009
11010
11011
11012
11013
11015
11018
11019
11022
11023
11024
11025
11026
11027
11028
11029
11030
11031
11032
11033
11037
11038
11039
11040
11043
11044
11045
11046
11047
11048
11049
11050
11052
11053
11054
11056
11058
11060
11061
11062
11063
11080
11081
11082
11084
11086
11087
11088
11089
11090
11091
11092
11093
11094
11095
11096
11097
11098
11099
11100
11101
11104
11105
11106
11107
11108
11109
11110
11112
11113
11114
11115
11116
11117
11119
11120
11122
11123
11124
11125
11126
11128
11130
11131
11134
11135
11136
11137
11138
11141
11142
11143
11144
11145
11147
11148
11149
11150
11151
11152
11154
11156
11157
11158
11161
11162
11163
11164
11165
11167
11168
11170
11172
11174
11176
11177
11178
11179
11180
11181
11182
11184
11190
11191
11192
11195
11196
11197
11198
11199
11200
11201
11202
11203
11204
11205
11206
11207
11208
11209
11210
11211
11212
11213
11215
11216
11218
11219
11220
11221
11222
11223
11224
11225
11226
11228
11230
11231
11232
11233
11234
11235
11236
11237
11238
11239
11240
11241
11242
11243
11244
11245
11246
11247
11248
11249
11250
11251
11252
11253
11254
11255
11257
11258
11259
11260
11261
11263
11264
11265
11266
11267
11268
11269
11270
11271
11272
11273
11274
11275
11276
11277
11278
11279
11280
11281
11282
11283
11284
11285
11286
11287
11288
11289
11290
11291
11292
11293
11294
11295
11296
11297
11298
11299
11300
11301
11302
11303
11304
11305
11306
11308
11310
11311
11312
11313
11316
11317
11318
11322
11323
11324
11326
11327
11329
11333
11334
11335
11337
11338
11339
11344
11345
11349
11350
11351
11352
11353
11354
11355
11356
11357
11358
11359
11360
11361
11362
11363
11364
11365
11366
11367
11368
11369
11370
11371
11372
11373
11374
11376
11378
11379
11380
11381
11382
11383
11384
11385
11386
11387
11390
11391
11392
11393
11394
11395
11396
11397
11398
11399
11400
11401
11402
11403
11406
11407
11408
11409
11410
11411
11412
11413
11414
11416
11417
11418
11419
11422
11423
11424
11426
11427
11428
11429
11430
11431
11432
11435
11436
11437
11438
11439
11442
11444
11445
11446
11447
11448
11450
11451
11452
11453
11454
11457
11458
11459
11461
11463
11464
11467
11468
11471
11473
11474
11475
11476
11477
11478
11479
11480
11481
11482
11483
11484
11485
11486
11487
11488
11489
11490
11491
11492
11493
11495
11496
11497
11499
11501
11502
11503
11504
11505
11506
11507
11508
11510
11512
11514
11516
11517
11518
11519
11520
11521
11522
11523
11525
11526
11527
11529
11530
11531
11533
11537
11540
11546
11547
11548
11549
11551
11553
11555
11557
11559
11563
11564
11565
11566
11567
11568
11569
11570
11574
11575
11576
11577
11578
11579
11581
11583
11584
11585
11587
11588
11590
11591
11593
11594
11595
11596
11597
11599
11601
11602
11603
11604
11605
11609
11613
11614
11615
11616
11617
11618
11620
11621
11622
11623
11624
11625
11626
11632
11634
11637
11640
11641
11642
11643
11644
11645
11647
11649
11653
11654
11655
11656
11657
11658
11659
11660
11663
11666
11667
11669
11670
11671
11672
11674
11675
11676
11677
11683
11693
11695
11696
11697
11698
11700
11701
11702
11703
11705
11707
11709
11710
11711
11712
11713
11714
11715
11716
11717
11718
11719
11720
11721
11722
11723
11724
11725
11726
11727
11728
11729
11730
11731
11732
11733
11734
11735
11736
11737
11738
11739
11740
11741
11742
11743
11744
11745
11746
11747
11748
11749
11750
11751
11752
11753
11754
11755
11756
11757
11758
11759
11760
11761
11762
11763
11764
11765
11766
11767
11768
11769
11770
11771
11772
11773
11774
11775
11777
11778
11779
11780
11781
11782
11783
11784
11785
11786
11787
11788
11789
11790
11791
11792
11793
11794
11795
11796
11797
11798
11799
11800
11801
11802
11803
11804
11805
11806
11807
11808
11809
11810
11811
11812
11813
11814
11815
11816
11817
11818
11819
11820
11821
11822
11823
11824
11825
11826
11827
11828
11829
11830
11831
11832
11833
11834
11835
11836
11837
11840
11841
11842
11843
11844
11845
11846
11847
11848
11849
11850
11851
11852
11853
11854
11855
11856
11857
11858
11859
11860
11861
11862
11863
11864
11865
11866
11867
11868
11869
11870
11871
11872
11873
11874
11875
11876
11877
11878
11879
11880
11881
11884
11885
11886
11887
11888
11889
11890
11891
11892
11893
11894
11895
11896
11897
11898
11899
11900
11901
11902
11903
11904
11905
11906
11907
11908
11909
11910
11911
11912
11913
11914
11915
11916
11917
11918
11919
11921
11922
11923
11924
11925
11926
11927
11928
11929
11930
11931
11932
11933
11934
11935
11937
11939
11940
11941
11943
11944
11945
11946
11947
11948
11949
11950
11951
11952
11953
11954
11955
11956
11957
11958
11959
11960
11961
11962
11963
11964
11965
11967
11968
11969
11970
11972
11973
11974
11975
11976
11977
11978
11979
11980
11981
11982
11983
11984
11985
11986
11987
11988
11989
11990
11991
11992
11993
11995
11996
11998
12001
12003
12004
12005
12006
12007
12008
12011
12013
12014
12016
12021
12022
12023
12024
12029
12032
12033
12034
12036
12037
12038
12039
12040
12041
12058
12059
12060
12061
12062
12063
12065
12071
12077
12078
12084
12085
12086
12087
12088
12093
12094
12095
12096
12097
12098
12099
12100
12101
12104
12108
12109
12110
12114
12115
12116
12117
12118
12119
12120
12121
12122
12127
12128
12129
12130
12131
12132
12135
12137
12138
12140
12142
12143
12144
12145
12147
12149
12151
12152
12154
12155
12156
12158
12160
12163
12166
12167
12169
12170
12171
12174
12175
12176
12177
12179
12193
12195
12198
12200
12201
12202
12203
12204
12205
12206
12220
12516
12529
12536
12537
12538
12539
12540
12563
12565
12567
12585
12586
12588
12632
12635
12637
12638
12643
12644
12652
12663
12665
12695
12698
12737
12738
13000
13001
13002
13019
13020
13023
13047
13055
13065
13066
13067
13068
13069
13070
13095
13096
13097
13098
13147
13148
13149
13150
13156
13158
13165
13166
13227
13228
13231
13232
13235
13236
13284
13285
13293
13294
13317
13318
13319
13320
13321
13322
13323
13324
13325
13326
13327
13328
13329
13330
13331
13332
13333
13334
13335
13337
13338
13339
13340
13341
13342
13343
13344
13345
13346
13347
13348
13350
13351
13352
13353
13354
13355
13356
13357
13358
13359
13360
13361
13362
13363
13364
13365
13366
13367
13368
13369
13370
13371
13372
13373
13375
13377
13378
13380
13381
13382
13383
13384
13386
13387
13388
13389
13390
13391
13392
13393
13394
13395
13396
13398
13399
13401
13402
13404
13405
13407
13408
13410
13411
13413
13414
13415
13416
13417
13418
13419
13420
13421
13422
13423
13424
13425
13426
13428
13430
13432
13436
13438
13439
13440
13441
13442
13443
13444
13445
13446
13447
13448
13449
13450
13451
13452
13453
13454
13455
13456
13459
13460
13463
13464
13465
13466
13467
13468
13469
13470
13473
13474
13477
13478
13479
13481
13482
13483
13484
13485
13486
13487
13488
13490
13491
13492
13493
13494
13495
13496
13497
13498
13499
13500
13501
13502
13519
13520
13523
13595
13596
13597
13598
13647
13648
13649
13650
13786
13788
13791
13795
13796
13797
13798
13799
13800
13801
13802
13803
13804
13805
13806
13807
13808
13809
13810
13811
13812
13813
13814
13815
13816
13817
13818
13819
13820
13821
13822
13823
13824
13825
13826
13827
13828
13829
13830
13831
13832
13833
13834
13835
13838
13839
13840
13841
13842
13843
13844
13845
13846
13847
13848
13849
13850
13851
13852
13853
13854
13855
13856
13857
13858
13859
13860
13861
13862
13863
13864
13865
13866
13867
13868
13869
13870
13871
13872
13873
13874
13875
13876
13877
13878
13879
13880
13881
13882
13883
13884
13885
13886
13887
13888
13889
13890
13891
13892
13893
13894
13895
13896
13897
13898
13899
13900
13901
13902
13903
13904
13905
13906
13907
13908
13909
13910
13911
13912
13913
13914
13915
13916
13917
13918
13919
13920
13921
13922
13923
13924
13925
13926
13927
13928
13929
13930
13931
13932
13933
13934
13935
13937
13940
13943
13946
13948
13949
13950
13951
13952
13954
13955
13956
13957
13958
13959
13961
13963
13965
13967
13968
13969
13970
13971
13972
13973
13974
13975
13977
13979
13980
13981
13982
13983
13985
14003
14006
14009
14010
14015
14016
14017
14019
14021
14024
14025
14027
14028
14029
14030
14031
14034
14037
14042
14049
14050
14051
14052
14054
14057
14058
14060
14061
14063
14064
14065
14066
14067
14072
14075
14082
14083
14084
14090
14096
14097
14098
14099
14100
14101
14102
14103
14105
14106
14107
14108
14109
14113
14114
14116
14117
14119
14120
14121
14124
14125
14126
14130
14132
14134
14135
14136
14138
14140
14142
14143
14144
14146
14147
14148
14149
14150
14151
14152
14153
14155
14157
14158
14159
14160
14166
14168
14169
14177
14181
14182
14187
14192
14194
14196
14201
14202
14203
14204
14209
14210
14214
14215
14218
14219
14222
14223
14224
14236
14237
14238
14240
14241
14242
14243
14245
14262
14263
14264
14267
14268
14269
14277
14282
14287
14288
14292
14293
14296
14297
14303
14305
14310
14311
14312
14316
14317
14318
14323
14327
14334
14341
14347
14350
14351
14352
14353
14355
14356
14357
14366
14367
14368
14370
14371
14375
14376
14381
14390
14400
14405
14406
14407
14408
14409
14411
14412
14414
14415
14416
14421
14422
14423
14424
14425
14426
14427
14428
14429
14430
14431
14436
14440
14462
14530
14531
14532
14533
14534
14536
14537
14538
14541
14542
14543
14544
14545
14548
14550
14551
14552
14553
14555
14557
14558
14599
14602
14604
14605
14627
14628
14630
14631
14632
14633
14634
14635
14636
14637
14638
14639
14645
14646
14647
14648
14651
14654
15001
15002
15003
15004
15005
15006
15007
15008
15009
15010
15011
15012
15013
15014
15015
15016
15017
15018
15019
15020
15021
15022
15023
15024
15025
15026
15027
15028
15029
15030
15031
15032
15033
15034
15035
15036
15037
15038
15039
15040
15041
15042
15043
15044
15045
15046
15047
15048
15049
15050
15051
15052
15053
15054
15055
15056
15057
15058
15059
15060
15061
15062
15063
15064
15065
15066
15067
15068
15069
15070
15071
15072
15073
15074
15075
15076
15077
15078
15079
15080
15081
15082
15083
15084
15085
15086
15087
15088
15089
15090
15091
15092
15093
15094
15095
15096
15097
15098
15099
15100
15101
15102
15103
15104
15105
15106
15107
15108
15109
15110
15111
15112
15113
15114
15115
15116
15117
15118
15119
15121
15123
15124
15126
15127
15128
15129
15130
15131
15132
15133
15134
15135
15136
15137
15138
15139
15140
15141
15142
15143
15144
15145
15146
15147
15148
15149
15150
15151
15152
15153
15154
15155
15156
15157
15158
15159
15160
15162
15163
15164
15165
15166
15167
15168
15169
15170
15171
15172
15173
15174
15175
15176
15177
15178
15179
15180
15181
15182
15183
15184
15185
15186
15187
15188
15189
15190
15191
15192
15193
15194
15195
15196
15197
15198
15199
15200
15201
15202
15203
15204
15205
15206
15207
15208
15209
15210
15211
15212
15213
15214
15215
15216
15217
15218
15219
15220
15221
15222
15223
15224
15225
15226
15227
15228
15229
15230
15231
15232
15233
15234
15235
15236
15237
15238
15239
15240
15241
15242
15243
15244
15245
15246
15247
15250
15251
15252
15253
15260
15261
15262
15264
15265
15266
15267
15268
15269
15270
15271
15272
15273
15274
16001
16002
16003
16004
16005
16006
16007
16008
16009
16010
16011
16014
16015
16016
16017
16018
16019
16020
16021
16022
16023
16024
16025
16026
16027
16028
16029
16030
16031
16032
16033
16034
16035
16036
16037
16038
16039
16040
16041
16042
16043
16044
16045
16046
16047
16048
16049
16050
16051
16052
16053
16054
16055
16056
16057
16058
16059
16060
16061
16062
16063
16064
16065
16067
16068
16069
16070
16071
16072
16073
16074
16075
16076
16077
16078
16079
16080
16081
16082
16083
16084
16085
16086
16087
16088
16089
16090
16091
16092
16093
16094
16095
16096
16097
16098
16099
16100
16101
16102
16103
16104
16106
16107
16108
16109
16110
16111
16112
16113
16114
16115
16116
16117
16118
16119
16120
16121
16122
16123
16124
16125
16126
16127
16128
16129
16130
16132
16133
16134
16135
16136
16137
16138
16139
16144
16145
16146
16147
16149
16150
16155
16156
16157
16158
16159
16160
16161
16162
16163
16164
16165
16166
16167
16168
16171
16172
16173
16174
16211
16215
16216
16222
16223
16225
16227
16228
16229
16230
16231
16302
16315
16316
16317
16320
16323
16325
16326
16328
16331
16333
16335
16336
16337
16338
16341
16343
16345
16346
16347
16348
16350
16353
16357
16358
16359
16360
16361
16363
16368
16370
16372
16375
16377
16379
16381
16384
16386
16389
16390
16392
16394
16396
16397
16398
16399
16402
16403
16409
16410
16415
16416
16417
16418
16419
16420
16421
16422
16423
16424
16425
16426
16427
16428
16429
16432
16434
16436
17000
17001
17002
17003
17004
17005
17006
17007
17008
17009
17010
17011
17012
17013
17014
17015
17016
17017
17018
17019
17020
17021
17022
17023
17024
17025
17026
17027
17028
17029
17030
17031
17032
17033
17034
17035
17036
17037
17038
17039
17040
17041
17042
17043
17044
17045
17046
17047
17048
17049
17050
17051
17052
17053
17054
17055
17056
17057
17058
17059
17060
17061
17062
17063
17064
17065
17066
17067
17068
17069
17070
17071
17072
17073
17074
17075
17076
17077
17078
17079
17080
17081
17082
17083
17084
17085
17086
17087
17088
17089
17090
17091
17092
17093
17094
17095
17096
17097
17098
17099
17100
17101
17102
17103
17104
17105
17106
17107
17108
17109
17110
17111
17112
17113
17114
17115
17116
17117
17118
17119
17120
17121
17122
17123
17124
17125
17126
17127
17128
17129
17130
17131
17132
17133
17134
17135
17136
17137
17138
17139
17140
17141
17142
17143
17144
17145
17146
17147
17148
17149
17150
17151
17152
17153
17154
17155
17156
17157
17158
17159
17160
17161
17162
17163
17164
17165
17166
17167
17168
17169
17170
17171
17172
17173
17174
17175
17176
17177
17178
17179
17180
17181
17182
17183
17184
17185
17186
17187
17188
17189
17190
17191
17192
17193
17194
17195
17196
17197
17198
17199
17200
17201
17202
17203
17204
17205
17206
17207
17208
17209
17210
17211
17212
17213
17214
17215
17216
17217
17218
17219
17220
17221
17222
17223
17224
17225
17226
17227
17228
17229
17230
17231
17232
17233
17234
17235
17236
17237
17238
17239
17240
17241
17242
17243
17244
17245
17246
17247
17248
17249
17250
17251
17252
17253
17254
17255
17256
17257
17258
17259
17260
17261
17262
17263
17264
17265
17267
17268
17269
17270
17271
17272
17273
17274
17275
17276
17277
17278
17279
17280
17281
17282
17283
17284
17285
17286
17287
17288
17289
17290
17291
17292
17293
17294
17295
17296
17297
17298
17299
17300
17301
17302
17303
17304
17305
17306
17307
17308
17309
17310
17311
17312
17313
17314
17315
17316
17317
17318
17319
17320
17321
17322
17323
17324
17325
17326
17327
17328
17329
17330
17331
17332
17333
17334
17335
17336
17337
17338
17339
17340
17341
17342
17343
17344
17345
17346
17347
17348
17349
17350
17351
17352
17353
17354
17355
17356
17357
17358
17359
17360
17361
17362
17363
17364
17365
17366
17367
17368
17369
17370
17371
17372
17373
17374
17375
17376
17377
17378
17379
17380
17381
17382
17383
17384
17385
17386
17387
17388
17389
17390
17391
17392
17393
17394
17395
17396
17397
17398
17399
17400
17401
17402
17403
17404
17405
17406
17407
17408
17409
17410
17411
17412
17413
17414
17415
17416
17417
17418
17419
17420
17421
17422
17423
17424
17425
17426
17427
17428
17429
17430
17431
17432
17433
17434
17435
17436
17437
17438
18001
18002
18003
18005
18006
18007
18009
18010
18011
18012
18013
18014
18015
18016
18017
18019
18021
18022
18023
18024
18025
18027
18028
18029
18030
18032
18033
18035
18036
18037
18038
18039
18040
18041
18042
18043
18044
18045
18047
18048
18049
18050
18051
18053
18055
18057
18059
18060
18061
18064
18065
18066
18068
18069
18070
18071
18073
18075
18076
18077
18078
18079
18080
18081
18082
18084
18085
18086
18087
18088
18090
18092
18095
18096
18097
18101
18102
18103
18104
18105
18106
18107
18108
18110
18112
18114
18116
18117
18119
18120
18121
18126
18127
18128
18131
18133
18134
18135
18139
18140
18141
18142
18144
18146
18147
18148
18150
18151
18152
18154
18155
18156
18157
18158
18159
18160
18161
18163
18164
18165
18166
18167
18168
18170
18171
18172
18173
18174
18175
18176
18177
18178
18179
18180
18182
18183
18184
18185
18186
18187
18188
18189
18190
18191
18192
18193
18196
18198
18199
18200
18201
18202
18204
18205
18206
18208
18209
18210
18211
18212
18213
18214
18215
18216
18217
18218
18219
18220
18221
18222
18223
18224
18225
18226
18227
18228
18229
18230
18231
18232
18233
18234
18235
18236
18237
18239
18240
18241
18242
18243
18244
18245
18246
18247
18248
18249
18250
18251
18253
18254
18255
18256
18258
18259
18260
18261
18262
18263
18264
18265
18266
18267
18268
18269
18270
18271
18272
18273
18274
18275
18277
18278
18279
18280
18281
18282
18283
18284
18288
18289
18290
18291
18292
18293
18294
18295
18297
18299
18300
18301
18302
18303
18304
18305
18306
18308
18309
18310
18312
18313
18314
18316
18317
18319
18320
18321
18322
18323
18324
18325
18326
18327
18328
18332
18333
18334
18335
18336
18337
18338
18339
18342
18344
18345
18346
18347
18348
18349
18350
18351
18352
18353
18354
18355
18356
18357
18358
18360
18361
18362
18363
18364
18365
18367
18368
18369
18370
18371
18372
18373
18374
18375
18376
18377
18378
18383
18384
18385
18386
18388
18390
18396
18399
18400
18401
18402
18403
18406
18407
18408
18412
18413
18414
18416
18417
18418
18419
18420
18421
18422
18423
18424
18425
18426
18427
18428
18429
18430
18431
18432
18433
18434
18435
18436
18437
18438
18439
18443
18444
18445
18446
18447
18448
18449
18450
18451
18453
18457
18459
18566
18616
18651
18927
18930
18931
18932
18933
18934
18935
18936
18938
18939
18940
18942
18943
18944
18945
18946
18947
18948
18949
18950
18951
18952
18953
18954
18955
18956
18957
18958
18959
18960
18961
18962
18963
18964
18965
18966
18967
18968
18969
18970
18971
18972
18973
19002
19003
19004
19005
19007
19008
19010
19013
19014
19015
19016
19017
19020
19021
19022
19024
19026
19027
19031
19034
19035
19036
19038
19039
19040
19041
19042
19043
19045
19046
19047
19048
19049
19050
19051
19052
19053
19056
19057
19058
19059
19061
19062
19063
19064
19070
19071
19074
19076
19077
19078
19079
19080
19081
19083
19085
19086
19087
19088
19089
19090
19094
19095
19096
19097
19099
19100
19101
19102
19103
19104
19106
19107
19108
19113
19114
19116
19117
19120
19121
19122
19123
19124
19125
19126
19127
19128
19129
19132
19134
19137
19138
19147
19148
19154
19163
19165
19166
19168
19169
19170
19172
19173
19175
19176
19177
19182
19183
19184
19185
19186
19187
19188
19189
19190
19191
19193
19194
19195
19198
19199
19201
19202
19203
19204
19205
19206
19207
19208
19209
19212
19213
19214
19216
19217
19218
19219
19220
19221
19222
19223
19225
19226
19227
19228
19230
19231
19232
19233
19234
19235
19240
19241
19244
19246
19247
19260
19263
19265
19268
19269
19270
19271
19272
19273
19274
19279
19280
19281
19283
19293
19294
19296
19297
19300
19301
19303
19304
19310
19312
19314
19318
19319
19320
19321
19322
19323
19324
19325
19330
19331
19332
19333
19334
19335
19336
19340
19348
19349
19350
19351
19352
19353
19355
19360
19361
19362
19364
19365
19366
19367
19371
19372
19375
19379
19382
19383
19384
19387
19393
19400
19401
19403
19404
19405
19406
19407
19408
19409
19410
19411
19412
19413
19414
19415
19416
19418
19419
19420
19421
19422
19423
19424
19433
19434
19435
19436
19437
19438
19439
19440
19444
19445
19524
19701
19702
19703
19704
19705
19706
19708
19709
19710
19719
19720
19800
19802
19804
19806
19807
19809
19810
19811
19812
19813
19814
19816
19817
19818
19819
19820
19821
19822
19823
19833
19857
19858
19859
19860
19866
19867
19898
19899
19902
19903
19904
19905
19906
19907
19908
19909
19910
19911
19912
19913
19914
19916
19917
19918
19919
20001
20002
20003
20004
20005
20006
20008
20009
20010
20011
20012
20013
20014
20015
20016
20017
20018
20019
20020
20022
20023
20024
20025
20027
20028
20029
20030
20031
20032
20033
20034
20035
20036
20037
20038
20040
20041
20044
20045
20046
20047
20048
20049
20050
20051
20052
20053
20054
20055
20058
20060
20061
20062
20063
20064
20065
20066
20067
20068
20069
20070
20071
20072
20073
20074
20075
20076
20077
20078
20080
20081
20082
20083
20084
20086
20087
20088
20089
20090
20091
20092
20093
20094
20095
20096
20097
20098
20099
20100
20101
20102
20105
20106
20107
20108
20109
20110
20111
20112
20113
20114
20115
20116
20117
20118
20120
20121
20122
20123
20124
20125
20126
20127
20129
20130
20131
20132
20133
20134
20137
20138
20139
20140
20141
20142
20143
20301
20302
20310
20314
20315
20316
20317
20320
20321
20322
20323
20324
20325
20330
20345
20381
20400
20409
20410
20420
20421
20422
20444
20445
20446
20447
20450
20451
20452
20453
20466
20481
20499
20510
20521
20522
20523
20545
20581
20622
20623
20624
20628
20629
20630
20634
20635
20636
20640
20641
20645
20646
20647
20648
20649
20650
21002
21003
21004
21005
21006
21007
21008
21009
21011
21012
21013
21014
21018
21019
21020
21021
21022
21023
21024
21026
21027
21028
21029
21030
21032
21033
21034
21035
21036
21042
21043
21046
21047
21048
21052
21053
21054
21055
21056
21057
21058
21059
21060
21061
21062
21063
21064
21065
21066
21067
21068
21069
21070
21071
21072
21073
21074
21075
21076
21077
21078
21080
21082
21083
21084
21085
21086
21087
21088
21089
21090
21091
21092
21093
21094
21095
21096
21097
21098
21099
21100
21101
21102
21104
21105
21106
21107
21108
21109
21110
21111
21112
21113
21114
21115
21116
21117
21118
21119
21120
21124
21125
21126
21127
21128
21129
21130
21131
21132
21133
21134
21135
21138
21139
21140
21142
21145
21146
21147
21148
21149
21202
21224
21225
21226
21227
21229
21230
21299
21300
21301
21302
21303
21304
21305
21306
21307
21388
21389
21390
21393
21395
21396
21397
21398
21399
21400
21401
21410
21411
21412
21413
21461
21462
21463
21464
21465
21466
21467
21468
21469
21470
21471
21472
21482
21483
21484
21485
21486
21487
21488
21490
21505
21511
22247
22401
22402
22522
22528
22529
22535
22537
22899
22900
22901
22903
22904
22905
22906
22910
22911
22912
22914
22915
22916
22917
22918
22919
22928
22953
22954
22955
22956
22957
22958
22959
22960
22963
22969
22970
22971
22972
22973
22974
22975
22976
22977
22978
22998
22999
23000
23001
23002
23003
23004
23005
23006
23007
23008
23030
23031
23032
23033
23034
23035
23036
23037
23038
23039
23040
23041
23042
23043
23044
23045
23046
23047
23048
23049
23050
23051
23052
23053
23054
23055
23056
23057
23058
23059
23060
23061
23062
23063
23064
23065
23066
23067
23068
23069
23070
23071
23072
23073
23074
23075
23076
23077
23078
23079
23080
23081
23082
23083
23084
23085
23086
23087
23088
23089
23090
23091
23092
23093
23094
23095
23096
23097
23098
23099
23100
23101
23102
23103
23104
23105
23106
23107
23108
23109
23110
23111
23112
23113
23114
23115
23116
23117
23118
23119
23120
23121
23122
23123
23124
23125
23126
23127
23128
23129
23130
23131
23132
23133
23134
23135
23136
23137
23138
23139
23140
23141
23142
23143
23144
23146
23147
23148
23149
23150
23151
23152
23153
23154
23155
23156
23157
23158
23159
23160
23161
23162
23163
23164
23165
23166
23167
23168
23169
23170
23171
23172
23173
23174
23175
23176
23177
23178
23179
23180
23181
23182
23183
23184
23185
23186
23187
23188
23189
23190
23191
23192
23193
23194
23195
23196
23197
23198
23199
23200
23201
23202
23213
23214
23215
23216
23217
23218
23219
23220
23221
23222
23223
23224
23225
23226
23227
23228
23229
23230
23231
23232
23233
23234
23235
23236
23237
23238
23239
23240
23241
23242
23243
23244
23245
23246
23247
23248
23249
23250
23251
23252
23253
23254
23255
23256
23257
23258
23259
23260
23261
23262
23263
23264
23265
23266
23267
23268
23269
23270
23271
23272
23273
23274
23275
23276
23277
23278
23279
23280
23281
23282
23283
23284
23285
23286
23287
23288
23289
23290
23291
23292
23293
23294
23295
23296
23297
23298
23299
23300
23301
23302
23303
23304
23305
23307
23308
23309
23310
23311
23312
23313
23314
23315
23316
23317
23318
23319
23320
23321
23322
23323
23324
23325
23326
23327
23328
23329
23330
23331
23332
23333
23334
23335
23336
23337
23338
23339
23340
23341
23342
23343
23344
23345
23346
23347
23348
23349
23350
23351
23352
23353
23354
23355
23356
23357
23358
23359
23360
23361
23362
23363
23364
23365
23366
23367
23368
23369
23370
23371
23372
23373
23374
23375
23376
23377
23378
23379
23380
23381
23382
23383
23384
23385
23386
23387
23388
23389
23390
23391
23392
23393
23394
23395
23397
23398
23399
23401
23402
23403
23404
23405
23406
23407
23408
23409
23410
23411
23412
23413
23414
23415
23416
23417
23418
23419
23420
23421
23422
23423
23424
23425
23426
23427
23428
23429
23430
23431
23432
23433
23434
23435
23436
23437
23438
23439
23440
23441
23442
23443
23444
23445
23446
23447
23448
23449
23450
23451
23452
23453
23454
23455
23456
23457
23458
23459
23460
23461
23462
23463
23464
23465
23466
23467
23468
23469
23470
23471
23472
23473
23474
23475
23476
23477
23478
23479
23480
23481
23501
23502
23503
23506
23507
23508
23509
23511
23513
23514
23515
23516
23517
23519
23521
23523
23525
23528
23531
23533
23536
23540
23541
23545
23547
23549
23552
23554
23557
23558
23559
23560
23561
23562
23563
23564
23565
23566
23567
23568
23569
23570
23571
23572
23573
23574
23575
23576
23577
23578
23579
23580
23581
23582
23583
23584
23585
23586
23587
23588
23589
23590
23591
23592
23593
23594
23595
23596
23597
23598
23599
23600
23601
23602
23603
23604
23605
23606
23607
23608
23609
23610
23611
23612
23613
23614
23615
23616
23617
23618
23619
23620
23621
23622
23623
23624
23625
23626
23627
23628
23629
23630
23631
23632
23633
23634
23635
23636
23637
23638
23640
23646
23647
23648
23649
23650
23651
23652
23653
23654
23655
23656
23657
23658
23659
23660
25000
25001
25003
25004
25005
25006
25007
25008
25009
25010
25012
25013
25014
25015
25016
25017
25018
25022
25023
25024
25025
25026
25027
25028
25030
25031
25032
25033
25034
25035
25036
25037
25038
25039
25040
25041
25043
25045
25046
25048
25050
25051
25052
25053
25054
25055
25056
25059
25060
25062
25063
25064
27000
27001
27002
27035
27042
27043
27044
27045
27046
27047
27048
27049
27050
27051
27052
27054
27055
27057
27058
27059
27060
28285
28286
28287
28288
28289
28290
28291
28292
28293
28294
28295
28296
28297
28298
28299
28300
28301
28302
28303
28304
28305
28306
28307
28308
28309
31018
31021
31022
31023
31024
31025
31026
31027
31028
31029
31030
31031
32000
32001
32002
32003
32004
32005
32006
32007
32008
32009
32010
32011
32012
32013
32014
32015
32016
32017
32018
32019
32020
32021
33862
33863
33864
33865
33866
33867
33868
33869
33870
33871
33872
33873
33874
33875
33876
33877
35001
35003
35004
35007
35008
35009
35010
35011
35012
35013
35014
35015
35016
35017
35021
35022
35023
35024
35025
35026
35027
35028
35029
35030
35034
35038
35039
35040
35041
35042
35043
35046
35047
35048
35049
35050
35051
35052
35053
35054
35055
35056
35057
35058
35059
35060
35063
35064
35065
35066
35067
35068
35069
35070
35071
35072
35073
35074
35075
35078
35079
35080
35081
35082
35083
35084
35085
35086
35087
35088
35089
35091
35092
35093
35130
35131
35132
35133
35134
35135
35136
35137
35138
35139
35140
35141
35142
35143
35144
35145
35146
35147
35148
35149
35150
35151
35152
35153
35154
35155
35156
35157
35158
35160
35161
35162
35164
35165
35166
35167
35168
35169
35170
35171
35172
35173
35174
35175
35176
35177
35178
35179
35180
35181
35182
35183
35184
35185
35186
35187
35188
35190
35192
35193
35194
35195
35196
35197
35198
35199
35200
35201
35202
35203
35204
35205
35206
35207
35211
35225
35226
35227
35228
35229
35230
35231
35232
35233
35234
35235
35236
35237
35238
35239
35240
36012
36013
36014
36015
36016
36017
36033
36034
36035
36036
36037
36038
36039
36041
36044
36045
36046
36049
36050
36051
36052
36055
36056
36059
36060
36061
36401
36403
36404
36405
36406
36407
36408
36409
36410
36411
36412
36413
36414
36415
36416
36417
36418
36601
36602
36603
36617
36618
36619
36620
36621
36622
36623
36624
36625
36626
36629
36630
42040
42055
42063
42074
42116
42117
42119
42120
42128
42129
42131
42135
42136
42137
42138
42139
42140
42141
42150
42151
42153
42155
42157
42158
42161
42171
42173
42178
42179
42182
42185
42186
42187
42188
42189
42190
42192
42193
42200
42204
42205
42230
42231
42235
42236
42241
42256
42258
42259
42262
42266
42267
42270
42272
42278
42279
42280
42281
42283
42284
42285
42286
42289
42290
42291
42303
42304
42307
42309
42316
43004
43006
43007
43008
43015
43016
43017
43019
43020
43021
43026
43028
43031
43046
43057
43058
43060
43075
43078
43098
43100
43109
43112
43114
43125
43128
43129
43130
43131
43132
43134
43135
43136
43137
43142
43143
43144
43146
43154
43155
43158
43205
43212
43214
43215
43216
43217
43241
43245
43260
43261
43268
43269
43273
43274
43275
43276
43278
43282
43283
43285
43287
43297
43299
43311
43312
43325
43326
43327
43329
43331
43340
43345
43346
43350
43352
43355
43364
43365
43366
43367
43369
43373
43378
43379
43382
43384
43387
43390
43391
43392
43396
43398
43401
43404
43405
43406
43408
43410
43417
43432
43441
43447
43449
43450
43476
43479
43483
43497
43506
43507
43514
43523
43529
43535
43536
43537
43539
43541
43543
43544
43546
43550
43566
43572
43585
43589
43595
43597
43598
44005
44018
44048
44055
44061
44074
44110
44158
44203
44258
44259
44260
48052
80200
83110
90240
90480
90560
93600
02073
06003
06014
06029
06038
06041
06047
06054
06057
06058
06062
06082
06084
06091
06097
06117
06145
06146
06195
06209
06212
06213
06214
06215
06218
06219
06220
06221
06222
06223
06224
06225
06226
06228
06229
06231
06232
06233
06234
06235
06236
06237
06239
06240
06241
06242
06244
06245
06250
06251
06252
06309
06311
06312
06317
06318
06319
06320
06321
06322
06323
06324
06325
06326
06327
06328
06329
06330
06331
06332
06333
06334
06336
06337
06338
06339
06340
06341
06342
06343
06349
06350
06351
06353
06354
06355
06357
06361
06363
06364
06365
06366
06367
06373
06374
06375
06377
06379
06380
06383
06384
06387
06388
06389
06391
06392
06393
06395
06396
06398
06399
06400
06403
06405
06408
06414
06415
06418
06429
06431
06433
06434
06437
06438
06439
06441
06447
06454
06457
06459
06462
06470
06482
06487
06497
06502
06503
06504
06505
06509
06529
06537
06541
06543
06544
06545
06546
06548
06580
06585
06586
06587
06588
06589
06590
06592
06594
06595
06596
06597
06598
06599
06600
06601
06602
06603
06604
06605
06609
06615
06617
06932
06984
06986
06987
06988
06989
06990
06991
06992
06994
06995
06996
06997
06998
06999
14086
14087
14088
14607
14608
14609
14610
14611
14612
14613
14614
14615
14616
14617
14618
14619
14620
14621
14622
14623
16200
16201
16202
16203
16204
22929
22930
22931
22932
22937
22938
22939
22940
22941
22942
22943
22944
22945
22946
22947
22948
22949
22950
22951
22952
22965
22966
27007
27008
27009
27013
27014
27015
27017
27018
27019
27021
27022
27023
27027
27028
27029
27030
27032
27033
27034
31001
31002
31005
31006
31007
31008
31010
31011
31012
31013
31014
31015
31016
31017
03816
04011
04014
06307
07201
07207
07209
07212
07230
07236
07241
18567
18637
19009
21473
21474
21475
21476
21477
21478
21479
21480
27056
04673
04676
04677
04678
04679
06314
06315
06316
04685
04687
04689
06619
06620
06621
06622
06623
06624
06625
06985
18640
07278
22908
08001
08003
08005
08014
08020
08023
08028
08030
08031
08032
08058
08060
08065
08067
08068
08069
08071
08189
08259
08284
08286
08288
08309
08318
08319
08376
08380
08383
08384
08386
08387
08388
08389
08390
08393
08453
08459
08462
08463
08469
08471
08531
08537
08538
08539
08542
08543
08560
08561
08562
08567
08568
08569
08584
08587
08588
08589
08590
08591
08602
08603
08605
08608
08609
08610
08611
08613
08614
08615
08616
08617
08621
08631
08645
08646
08647
08648
08649
08652
08653
08658
08659
08660
08661
08663
08677
08695
08696
08697
08698
08699
08700
08701
08702
08703
08704
08705
08706
08707
08708
14059
14068
16500
16502
16504
16505
16506
16507
16508
16509
16510
16511
16512
16513
16514
16515
16516
16517
16518
16519
16521
16522
16523
16524
16525
16526
16527
16528
16529
16531
16532
16533
16534
16535
16536
16538
16542
16546
16548
16549
16551
16552
16554
16555
16556
16557
16558
16560
16561
16565
16570
16579
16581
16584
16585
16586
16587
16588
16589
16590
16591
16592
16593
16594
16595
16596
16597
16598
16600
16601
16602
16603
16605
16606
16607
16608
16609
16610
16611
18476
18477
18478
18479
18481
18482
18486
18487
18488
18489
18490
18494
18497
18499
18501
18505
18506
18507
18609
18974
18975
18976
18977
18978
18979
18980
18981
18982
18983
18984
18985
18986
18987
18988
18989
18990
18991
18992
18993
18994
18995
18996
18997
18998
18999
19441
21499
21500
21501
21503
21504
21513
21514
21515
22118
22120
22121
22126
22979
22980
22981
22982
22983
22984
22985
22986
22987
22988
22989
22990
22991
22992
22993
22994
22995
22996
22997
28000
28001
28002
28003
28004
28005
28006
28007
28008
28009
28010
28011
28012
28013
28014
28015
28016
28017
28018
28019
28020
28021
28022
28023
28024
28025
28026
28027
28028
28029
28030
28031
28032
28033
28034
28035
28036
28037
28038
28039
28040
28041
28043
28044
28045
28046
28047
28048
28049
28050
28051
28052
28053
28054
28055
28056
28057
28058
28059
28060
28061
28062
28063
28064
28065
28066
28067
28068
28069
28070
28071
28072
28073
28074
28075
28076
28077
28078
28079
28080
28081
28082
28083
28084
28085
28086
28087
28088
28089
28091
28092
28093
28094
28095
28096
28097
28098
28099
28100
28101
28102
28103
28104
28105
28106
28107
28108
28109
28110
28111
28112
28113
28114
28115
28116
28117
28118
28119
28120
28121
28122
28123
28124
28125
28126
28127
28128
28129
28130
28131
28132
28133
28134
28135
28136
28137
28138
28139
28140
28141
28142
28143
28144
28145
28146
28147
28148
28149
28150
28151
28152
28153
28154
28155
28156
28157
28158
28159
28160
28161
28162
28163
28164
28165
28167
28168
28169
28170
28171
28172
28173
28174
28175
28176
28177
28178
28179
28180
28181
28182
28183
28184
28185
28186
28187
28188
28189
28190
28191
28192
28193
28194
28195
28196
28197
28198
28199
28200
28201
28202
28203
28204
28205
28206
28207
28208
28209
28210
28211
28212
28213
28214
28215
28216
28217
28218
28219
28220
28221
28222
28223
28224
28225
28226
28227
28228
28229
28230
28231
28232
28233
28234
28235
28236
28237
28238
28239
28240
28241
28242
28243
28244
28245
28246
28247
28248
28249
28250
28251
28252
28253
28254
28255
28256
28257
28258
28259
28260
28261
28262
28263
28264
28265
28266
28267
28268
28269
28270
28271
28272
28273
28274
28275
28276
28277
28278
28279
28280
28281
28282
28283
28284
32022
32023
08002
08015
08029
08034
08038
08039
08046
08061
08073
08081
08147
08148
08191
08192
08305
08544
08554
08633
08654
08655
08662
08665
42240
42261
42265
42297
43393
43570
08010
08011
08012
08018
08047
08049
08054
08059
08066
08092
08093
08094
08096
08124
08130
08146
08200
08210
08211
08214
08215
08216
08218
08220
08221
08225
08228
08231
08236
08240
08249
08252
08314
08316
08351
08352
08353
08354
08355
08365
08402
08410
08411
08417
08436
08444
08449
08450
08451
08452
08549
08550
08625
08627
08628
08629
08632
08639
08640
08641
08642
08685
08686
08687
08688
08689
08690
08691
08692
08693
08694
08013
08017
08019
08035
08045
08048
08050
08057
08064
08077
08078
08082
08087
08089
08194
08202
08239
08243
08244
08245
08247
08261
08262
08263
08267
08268
08270
08271
08272
08273
08274
08277
08370
08513
08553
08579
08582
08583
08586
08592
08593
08594
08595
08596
08597
08598
08599
08634
08635
08637
08643
08651
08666
08667
08668
08669
08670
08671
08678
08679
08681
08682
08683
08684
18642
19033
27053
08025
08074
08504
08505
08506
08507
08083
08116
08138
08177
08206
08346
08347
08348
08349
08409
08481
08484
08487
08488
08489
08491
08493
08494
08495
08500
08511
08512
08672
08673
08674
08675
08676
08085
08363
08366
08100
08101
08102
08103
08106
08107
08168
08169
08573
08574
08576
08578
08142
08143
08182
08290
43495
08435
08656
08657
09507
09508
09511
09510
09513
09514
09515
09516
14004
14005
14007
14013
14022
14026
14145
14434
14461
14626
14640
14641
14033
14035
14062
43528
14036
14038
14041
14043
14080
14137
14195
14197
14309
19068
19069
19105
19111
19118
19119
19144
19145
19149
19153
22961
22962
14044
14045
14047
14055
14070
14476
14071
14073
14074
14076
14078
14079
14433
14625
14154
14156
14315
14384
14385
14437
14432
14438
14439
14450
14460
14644
14475
14559
14601
21239
21240
21241
21242
21243
21244
21245
21246
21247
21248
21507
21508
21510
14629
16210
16212
16213
16214
16219
16271
16272
16273
16274
16275
16276
16277
16278
16235
16236
16237
16238
16239
16240
16241
16242
16243
16244
16245
16246
16247
16248
16249
16250
16251
16252
16253
16254
16255
16256
16257
16258
16259
16260
16261
16262
16279
16281
18513
18522
18524
18527
18528
18529
18532
18533
18535
18537
18538
18539
18540
18541
18544
18547
18562
18603
18639
18608
18610
18612
18614
18615
18617
18619
18621
18629
18630
18631
18632
18633
18634
18635
18641
19065
19067
19075
19084
19091
19092
19093
19098
19109
19110
19112
19130
19136
19142
19143
19150
19151
19152
19162
19164
19171
19181
19236
19238
19239
19243
19248
19249
19250
19252
19345
19896
19115
19135
19139
19140
19141
19146
19155
19156
19157
19159
19160
19161
19254
19255
19256
19258
19292
19295
19302
19306
19307
19308
19309
19313
19315
19326
19327
19328
19359
19363
19368
19369
19370
19897
42148
42183
42196
42227
19337
19856
19871
19872
19873
19874
19875
19876
19877
19878
19879
19880
19881
19882
19883
19884
19886
19887
19890
19891
19892
19893
19894
19895
19868
21141
21249
21250
21251
21252
21253
21254
21255
21256
21258
21259
21383
21384
21385
21386
21387
21506
21509
21143
21144
21210
21213
21214
21228
21232
21233
21234
21235
21237
21238
21309
21310
21311
21313
21314
21315
21316
21319
21321
21324
21327
21328
21329
21333
21334
21335
21336
21337
21338
21339
21340
21341
21343
21344
21345
21346
21347
21348
21349
21350
21355
21356
21357
21358
21359
21360
21361
21362
21363
21364
21365
21376
21377
21378
21379
21380
21381
21382
21402
21403
21404
21405
21406
21407
21260
21261
21262
21263
21264
21265
21266
21267
21268
21269
21270
21271
21272
21273
21274
21275
21276
21293
21294
21295
21296
21297
21298
21491
21496
21497
21498
21512
21277
21278
21279
21280
21281
21282
21492
21493
21494
21495
21283
21284
21285
21286
21287
21288
21289
21290
21291
21292
21415
21416
21417
21418
21442
21443
21444
21445
21446
21456
21457
21458
21459
21419
21420
21421
21422
21424
21425
21426
21427
21428
21429
21430
21431
21432
21433
21434
21435
21436
21437
21438
21439
21440
21441
22119
22122
22123
25020
25021
31019
31020
36000
36001
36002
36003
36004
36005
36018
36019
36021
36022
36023
36006
36007
36008
36009
36010
36011
36020
36024
36025
36026
36040
36604
36605
36606
36607
36608
36609
36027
36028
36029
36030
36031
36032
36610
36611
36612
36613
36614
36615
36042
36047
36054
36058
36631
36043
36048
36053
36057
36632
42237
43218
